a = 5.0
x = 0.5
b = -4.889804592697861
z = 1.4125543223563346
